w_0 = 1.0;
J = 1;
b = 1;
A = 4;





